subjID	gain	loss	choice
108	0.0	-1.0	2
108	1.0	0.0	2
108	0.0	-1.0	2
108	0.0	-1.0	3
108	0.0	-1.0	1
108	0.0	-1.0	2
108	1.0	0.0	2
108	1.0	0.0	2
108	1.0	0.0	2
108	0.0	-1.0	1
108	0.0	-1.0	2
108	0.0	-1.0	2
108	0.0	-1.0	2
108	0.0	-1.0	2
108	0.0	-1.0	2
108	0.0	-1.0	3
108	0.0	-1.0	2
108	0.0	-1.0	2
108	0.0	-1.0	1
108	1.0	0.0	1
108	0.0	-1.0	2
108	0.0	-1.0	3
108	0.0	-1.0	1
108	0.0	-1.0	1
108	1.0	0.0	2
108	0.0	-1.0	2
108	1.0	0.0	2
108	1.0	0.0	2
108	0.0	-1.0	2
108	0.0	-1.0	3
108	0.0	-1.0	2
108	1.0	0.0	1
108	1.0	0.0	1
108	0.0	-1.0	1
108	1.0	0.0	1
108	0.0	-1.0	2
108	0.0	-1.0	3
108	0.0	-1.0	1
108	0.0	-1.0	1
108	1.0	0.0	1
108	0.0	-1.0	2
108	0.0	-1.0	2
108	1.0	0.0	2
108	0.0	-1.0	2
108	1.0	0.0	2
108	1.0	0.0	3
108	0.0	-1.0	1
108	1.0	0.0	2
108	1.0	0.0	2
108	1.0	0.0	2
112	0.0	-1.0	1
112	1.0	0.0	1
112	1.0	0.0	1
112	0.0	-1.0	3
112	0.0	-1.0	3
112	0.0	-1.0	3
112	0.0	-1.0	3
112	0.0	-1.0	2
112	0.0	-1.0	1
112	0.0	-1.0	1
112	0.0	-1.0	1
112	0.0	-1.0	3
112	0.0	-1.0	1
112	0.0	-1.0	1
112	0.0	-1.0	1
112	1.0	0.0	3
112	1.0	0.0	3
112	0.0	-1.0	3
112	0.0	-1.0	3
112	0.0	-1.0	3
112	0.0	-1.0	3
112	0.0	-1.0	3
112	0.0	-1.0	3
112	0.0	-1.0	3
112	1.0	0.0	3
112	1.0	0.0	3
112	0.0	-1.0	3
112	1.0	0.0	3
112	0.0	-1.0	3
112	0.0	-1.0	3
112	0.0	-1.0	3
112	1.0	0.0	3
112	1.0	0.0	3
112	0.0	-1.0	3
112	0.0	-1.0	1
112	0.0	-1.0	1
112	0.0	-1.0	1
112	0.0	-1.0	1
112	1.0	0.0	2
112	1.0	0.0	3
112	0.0	-1.0	3
112	0.0	-1.0	3
112	0.0	-1.0	3
101	0.0	-1.0	2
101	0.0	-1.0	1
101	0.0	-1.0	2
101	0.0	-1.0	3
101	0.0	-1.0	2
101	0.0	-1.0	2
101	0.0	-1.0	1
101	0.0	-1.0	3
101	1.0	0.0	2
101	1.0	0.0	1
101	0.0	-1.0	2
101	0.0	-1.0	1
101	1.0	0.0	3
101	1.0	0.0	2
101	0.0	-1.0	1
101	1.0	0.0	2
101	0.0	-1.0	3
101	0.0	-1.0	1
101	1.0	0.0	2
101	1.0	0.0	3
101	1.0	0.0	2
101	1.0	0.0	1
101	0.0	-1.0	3
101	1.0	0.0	2
101	0.0	-1.0	1
101	1.0	0.0	2
101	1.0	0.0	3
101	0.0	-1.0	1
101	1.0	0.0	2
101	0.0	-1.0	3
101	0.0	-1.0	2
101	1.0	0.0	1
101	0.0	-1.0	3
101	0.0	-1.0	2
101	0.0	-1.0	2
101	1.0	0.0	1
101	0.0	-1.0	3
101	0.0	-1.0	2
101	0.0	-1.0	1
101	0.0	-1.0	2
101	0.0	-1.0	1
101	0.0	-1.0	3
101	0.0	-1.0	2
101	0.0	-1.0	1
101	0.0	-1.0	1
101	0.0	-1.0	3
101	0.0	-1.0	2
101	0.0	-1.0	1
101	1.0	0.0	3
136	1.0	0.0	1
136	0.0	-1.0	1
136	0.0	-1.0	2
136	0.0	-1.0	3
136	1.0	0.0	1
136	0.0	-1.0	2
136	0.0	-1.0	1
136	0.0	-1.0	2
136	1.0	0.0	3
136	0.0	-1.0	1
136	1.0	0.0	3
136	1.0	0.0	2
136	0.0	-1.0	1
136	1.0	0.0	2
136	0.0	-1.0	1
136	1.0	0.0	2
136	0.0	-1.0	2
136	1.0	0.0	3
136	1.0	0.0	1
136	0.0	-1.0	3
136	1.0	0.0	3
136	0.0	-1.0	1
136	1.0	0.0	3
136	0.0	-1.0	2
136	0.0	-1.0	1
136	1.0	0.0	1
136	0.0	-1.0	2
136	0.0	-1.0	3
136	0.0	-1.0	1
136	0.0	-1.0	2
136	0.0	-1.0	1
136	0.0	-1.0	3
136	1.0	0.0	2
136	0.0	-1.0	1
136	0.0	-1.0	2
136	0.0	-1.0	1
136	0.0	-1.0	2
136	1.0	0.0	3
136	0.0	-1.0	3
136	0.0	-1.0	1
136	0.0	-1.0	3
136	0.0	-1.0	2
136	1.0	0.0	1
136	1.0	0.0	1
136	1.0	0.0	1
136	0.0	-1.0	2
136	1.0	0.0	1
136	0.0	-1.0	3
132	0.0	-1.0	3
132	0.0	-1.0	1
132	1.0	0.0	2
132	1.0	0.0	1
132	1.0	0.0	3
132	0.0	-1.0	3
132	0.0	-1.0	2
132	0.0	-1.0	1
132	0.0	-1.0	2
132	0.0	-1.0	2
132	0.0	-1.0	2
132	0.0	-1.0	2
132	1.0	0.0	2
132	0.0	-1.0	2
132	1.0	0.0	1
132	0.0	-1.0	1
132	1.0	0.0	3
132	1.0	0.0	1
132	0.0	-1.0	2
132	1.0	0.0	1
132	0.0	-1.0	3
132	0.0	-1.0	3
132	0.0	-1.0	3
132	1.0	0.0	1
132	0.0	-1.0	2
132	0.0	-1.0	2
132	0.0	-1.0	2
132	0.0	-1.0	2
132	1.0	0.0	3
132	1.0	0.0	3
132	0.0	-1.0	3
132	0.0	-1.0	1
132	0.0	-1.0	2
132	0.0	-1.0	3
132	0.0	-1.0	1
132	1.0	0.0	2
132	1.0	0.0	3
132	0.0	-1.0	1
132	1.0	0.0	2
132	0.0	-1.0	3
132	0.0	-1.0	1
102	0.0	-1.0	3
102	1.0	0.0	1
102	0.0	-1.0	1
102	0.0	-1.0	1
102	0.0	-1.0	2
102	1.0	0.0	3
102	0.0	-1.0	3
102	1.0	0.0	3
102	1.0	0.0	3
102	0.0	-1.0	3
102	1.0	0.0	3
102	0.0	-1.0	3
102	1.0	0.0	3
102	0.0	-1.0	3
102	1.0	0.0	3
102	1.0	0.0	3
102	1.0	0.0	3
102	0.0	-1.0	3
102	0.0	-1.0	3
102	0.0	-1.0	3
102	1.0	0.0	3
102	0.0	-1.0	3
102	0.0	-1.0	3
102	0.0	-1.0	3
102	0.0	-1.0	3
102	0.0	-1.0	3
102	0.0	-1.0	3
102	0.0	-1.0	3
102	0.0	-1.0	1
102	1.0	0.0	2
102	1.0	0.0	2
102	1.0	0.0	2
102	1.0	0.0	2
102	0.0	-1.0	2
102	1.0	0.0	3
102	0.0	-1.0	3
102	1.0	0.0	2
102	0.0	-1.0	3
102	1.0	0.0	2
102	0.0	-1.0	2
102	1.0	0.0	3
102	0.0	-1.0	3
102	0.0	-1.0	1
110	0.0	-1.0	2
110	0.0	-1.0	1
110	0.0	-1.0	1
110	1.0	0.0	1
110	0.0	-1.0	2
110	0.0	-1.0	2
110	0.0	-1.0	2
110	0.0	-1.0	2
110	0.0	-1.0	2
110	0.0	-1.0	1
110	0.0	-1.0	1
110	0.0	-1.0	3
110	0.0	-1.0	3
110	0.0	-1.0	2
110	0.0	-1.0	2
110	1.0	0.0	2
110	1.0	0.0	2
110	0.0	-1.0	2
110	0.0	-1.0	2
110	1.0	0.0	1
110	1.0	0.0	3
110	1.0	0.0	2
110	0.0	-1.0	1
110	1.0	0.0	3
110	0.0	-1.0	2
110	0.0	-1.0	2
110	1.0	0.0	2
110	1.0	0.0	3
110	0.0	-1.0	2
110	1.0	0.0	2
110	1.0	0.0	1
110	0.0	-1.0	3
110	1.0	0.0	3
110	0.0	-1.0	2
110	0.0	-1.0	2
110	0.0	-1.0	2
110	0.0	-1.0	2
110	0.0	-1.0	2
110	0.0	-1.0	1
110	0.0	-1.0	1
110	1.0	0.0	1
110	1.0	0.0	3
110	0.0	-1.0	2
110	0.0	-1.0	1
110	0.0	-1.0	1
110	0.0	-1.0	1
110	0.0	-1.0	1
110	0.0	-1.0	1
113	0.0	-1.0	1
113	1.0	0.0	2
113	0.0	-1.0	2
113	0.0	-1.0	2
113	1.0	0.0	1
113	0.0	-1.0	1
113	1.0	0.0	1
113	1.0	0.0	3
113	0.0	-1.0	1
113	0.0	-1.0	1
113	0.0	-1.0	3
113	1.0	0.0	1
113	1.0	0.0	2
113	0.0	-1.0	1
113	0.0	-1.0	2
113	0.0	-1.0	1
113	1.0	0.0	1
113	0.0	-1.0	2
113	0.0	-1.0	1
113	1.0	0.0	3
113	1.0	0.0	2
113	0.0	-1.0	1
113	0.0	-1.0	3
113	0.0	-1.0	1
113	1.0	0.0	2
113	1.0	0.0	2
113	0.0	-1.0	3
113	0.0	-1.0	3
113	0.0	-1.0	3
113	0.0	-1.0	3
113	0.0	-1.0	3
113	1.0	0.0	1
113	1.0	0.0	1
113	0.0	-1.0	1
113	1.0	0.0	1
113	0.0	-1.0	2
113	0.0	-1.0	1
113	0.0	-1.0	1
113	1.0	0.0	3
113	1.0	0.0	2
113	0.0	-1.0	3
113	0.0	-1.0	2
113	0.0	-1.0	1
113	0.0	-1.0	3
113	0.0	-1.0	3
107	0.0	-1.0	1
107	0.0	-1.0	1
107	1.0	0.0	3
107	0.0	-1.0	3
107	1.0	0.0	2
107	0.0	-1.0	2
107	0.0	-1.0	2
107	0.0	-1.0	1
107	1.0	0.0	1
107	0.0	-1.0	2
107	1.0	0.0	2
107	0.0	-1.0	2
107	0.0	-1.0	2
107	0.0	-1.0	2
107	0.0	-1.0	3
107	0.0	-1.0	3
107	0.0	-1.0	1
107	0.0	-1.0	1
107	1.0	0.0	1
107	0.0	-1.0	2
107	0.0	-1.0	2
107	0.0	-1.0	2
107	0.0	-1.0	2
107	0.0	-1.0	1
107	0.0	-1.0	3
107	0.0	-1.0	3
107	0.0	-1.0	1
107	1.0	0.0	1
107	0.0	-1.0	2
107	1.0	0.0	2
107	1.0	0.0	2
107	1.0	0.0	2
107	1.0	0.0	2
107	1.0	0.0	2
107	1.0	0.0	2
107	0.0	-1.0	2
107	0.0	-1.0	3
107	0.0	-1.0	3
107	1.0	0.0	2
107	0.0	-1.0	2
107	0.0	-1.0	1
107	0.0	-1.0	1
107	0.0	-1.0	1
107	1.0	0.0	2
107	0.0	-1.0	2
107	0.0	-1.0	1
107	0.0	-1.0	1
107	0.0	-1.0	1
109	0.0	-1.0	2
109	0.0	-1.0	1
109	0.0	-1.0	3
109	0.0	-1.0	3
109	0.0	-1.0	1
109	0.0	-1.0	2
109	0.0	-1.0	3
109	1.0	0.0	1
109	0.0	-1.0	1
109	0.0	-1.0	2
109	0.0	-1.0	2
109	1.0	0.0	3
109	0.0	-1.0	1
109	0.0	-1.0	3
109	0.0	-1.0	2
109	1.0	0.0	2
109	1.0	0.0	1
109	0.0	-1.0	3
109	0.0	-1.0	2
109	1.0	0.0	3
109	0.0	-1.0	2
109	0.0	-1.0	3
109	1.0	0.0	1
109	0.0	-1.0	1
109	0.0	-1.0	2
109	0.0	-1.0	3
109	0.0	-1.0	1
109	0.0	-1.0	2
109	0.0	-1.0	2
109	0.0	-1.0	3
109	0.0	-1.0	2
109	0.0	-1.0	2
109	0.0	-1.0	1
109	0.0	-1.0	3
109	1.0	0.0	2
109	1.0	0.0	2
109	0.0	-1.0	3
109	1.0	0.0	2
109	1.0	0.0	3
109	1.0	0.0	1
109	0.0	-1.0	2
109	0.0	-1.0	3
109	0.0	-1.0	2
109	1.0	0.0	1
109	0.0	-1.0	3
109	0.0	-1.0	2
109	0.0	-1.0	2
111	0.0	-1.0	2
111	0.0	-1.0	2
111	0.0	-1.0	2
111	1.0	0.0	1
111	0.0	-1.0	1
111	0.0	-1.0	1
111	0.0	-1.0	2
111	1.0	0.0	1
111	1.0	0.0	3
111	1.0	0.0	2
111	1.0	0.0	2
111	0.0	-1.0	1
111	1.0	0.0	2
111	1.0	0.0	2
111	0.0	-1.0	2
111	0.0	-1.0	2
111	0.0	-1.0	2
111	0.0	-1.0	1
111	0.0	-1.0	2
111	0.0	-1.0	1
111	1.0	0.0	1
111	1.0	0.0	3
111	0.0	-1.0	2
111	1.0	0.0	2
111	0.0	-1.0	1
111	0.0	-1.0	1
111	0.0	-1.0	3
111	0.0	-1.0	2
111	0.0	-1.0	2
111	0.0	-1.0	3
111	0.0	-1.0	3
111	0.0	-1.0	3
111	0.0	-1.0	1
111	0.0	-1.0	1
111	1.0	0.0	1
111	0.0	-1.0	1
111	1.0	0.0	1
111	0.0	-1.0	1
111	1.0	0.0	1
111	0.0	-1.0	1
111	0.0	-1.0	1
111	0.0	-1.0	1
115	0.0	-1.0	1
115	0.0	-1.0	2
115	0.0	-1.0	3
115	0.0	-1.0	1
115	0.0	-1.0	2
115	0.0	-1.0	2
115	1.0	0.0	1
115	0.0	-1.0	1
115	1.0	0.0	3
115	0.0	-1.0	3
115	1.0	0.0	2
115	1.0	0.0	2
115	1.0	0.0	2
115	0.0	-1.0	2
115	0.0	-1.0	1
115	0.0	-1.0	3
115	0.0	-1.0	1
115	1.0	0.0	2
115	1.0	0.0	2
115	1.0	0.0	2
115	1.0	0.0	1
115	0.0	-1.0	1
115	0.0	-1.0	2
115	1.0	0.0	3
115	1.0	0.0	3
115	1.0	0.0	2
115	1.0	0.0	2
115	1.0	0.0	2
115	0.0	-1.0	2
115	0.0	-1.0	1
115	1.0	0.0	1
115	0.0	-1.0	1
115	1.0	0.0	2
115	0.0	-1.0	2
115	0.0	-1.0	1
115	1.0	0.0	3
115	0.0	-1.0	3
115	0.0	-1.0	1
115	0.0	-1.0	2
115	0.0	-1.0	1
115	0.0	-1.0	2
115	0.0	-1.0	1
115	0.0	-1.0	3
115	0.0	-1.0	1
115	0.0	-1.0	2
115	0.0	-1.0	2
115	0.0	-1.0	3
115	1.0	0.0	1
115	0.0	-1.0	1
115	1.0	0.0	3
135	1.0	0.0	1
135	0.0	-1.0	2
135	1.0	0.0	3
135	1.0	0.0	1
135	1.0	0.0	3
135	1.0	0.0	1
135	0.0	-1.0	2
135	0.0	-1.0	1
135	1.0	0.0	3
135	0.0	-1.0	1
135	0.0	-1.0	2
135	0.0	-1.0	3
135	0.0	-1.0	1
135	0.0	-1.0	3
135	1.0	0.0	2
135	0.0	-1.0	1
135	0.0	-1.0	3
135	0.0	-1.0	1
135	0.0	-1.0	3
135	0.0	-1.0	3
135	1.0	0.0	3
135	1.0	0.0	1
135	0.0	-1.0	2
135	1.0	0.0	3
135	1.0	0.0	1
135	0.0	-1.0	2
135	0.0	-1.0	3
135	1.0	0.0	1
135	0.0	-1.0	1
135	0.0	-1.0	1
135	1.0	0.0	3
135	1.0	0.0	3
135	0.0	-1.0	1
135	0.0	-1.0	1
135	0.0	-1.0	2
135	0.0	-1.0	1
135	1.0	0.0	3
135	0.0	-1.0	1
135	0.0	-1.0	3
135	1.0	0.0	2
135	1.0	0.0	2
135	0.0	-1.0	1
135	0.0	-1.0	1
135	0.0	-1.0	3
135	0.0	-1.0	3
135	0.0	-1.0	3
135	1.0	0.0	3
135	0.0	-1.0	3
135	0.0	-1.0	1
121	0.0	-1.0	1
121	0.0	-1.0	3
121	0.0	-1.0	1
121	0.0	-1.0	2
121	1.0	0.0	2
121	0.0	-1.0	1
121	0.0	-1.0	1
121	0.0	-1.0	3
121	1.0	0.0	2
121	0.0	-1.0	1
121	0.0	-1.0	3
121	0.0	-1.0	2
121	0.0	-1.0	2
121	0.0	-1.0	2
121	0.0	-1.0	1
121	0.0	-1.0	3
121	0.0	-1.0	1
121	0.0	-1.0	1
121	0.0	-1.0	2
121	0.0	-1.0	3
121	0.0	-1.0	3
121	1.0	0.0	3
121	0.0	-1.0	2
121	0.0	-1.0	2
121	0.0	-1.0	1
121	1.0	0.0	3
121	0.0	-1.0	3
121	0.0	-1.0	2
121	0.0	-1.0	2
121	0.0	-1.0	1
121	0.0	-1.0	3
121	1.0	0.0	3
121	0.0	-1.0	2
121	1.0	0.0	2
121	1.0	0.0	3
121	1.0	0.0	3
121	0.0	-1.0	2
121	0.0	-1.0	2
121	1.0	0.0	3
121	0.0	-1.0	1
121	1.0	0.0	1
121	1.0	0.0	2
121	0.0	-1.0	2
121	0.0	-1.0	3
121	0.0	-1.0	3
121	0.0	-1.0	3
133	0.0	-1.0	3
133	0.0	-1.0	2
133	0.0	-1.0	1
133	0.0	-1.0	3
133	1.0	0.0	3
133	1.0	0.0	3
133	0.0	-1.0	3
133	0.0	-1.0	2
133	1.0	0.0	1
133	0.0	-1.0	3
133	0.0	-1.0	2
133	0.0	-1.0	1
133	0.0	-1.0	1
133	0.0	-1.0	2
133	0.0	-1.0	2
133	0.0	-1.0	3
133	1.0	0.0	2
133	0.0	-1.0	2
133	0.0	-1.0	1
133	0.0	-1.0	2
133	0.0	-1.0	3
133	1.0	0.0	2
133	1.0	0.0	2
133	0.0	-1.0	2
133	0.0	-1.0	1
133	1.0	0.0	3
133	1.0	0.0	3
133	0.0	-1.0	2
133	0.0	-1.0	3
133	0.0	-1.0	1
133	0.0	-1.0	2
133	0.0	-1.0	1
133	1.0	0.0	3
133	1.0	0.0	3
133	1.0	0.0	3
133	0.0	-1.0	3
133	0.0	-1.0	2
133	1.0	0.0	1
133	1.0	0.0	1
133	0.0	-1.0	1
133	0.0	-1.0	2
133	0.0	-1.0	3
133	1.0	0.0	1
133	0.0	-1.0	1
133	1.0	0.0	1
105	0.0	-1.0	2
105	0.0	-1.0	2
105	0.0	-1.0	1
105	0.0	-1.0	2
105	1.0	0.0	1
105	1.0	0.0	1
105	1.0	0.0	1
105	0.0	-1.0	1
105	0.0	-1.0	2
105	0.0	-1.0	3
105	1.0	0.0	3
105	1.0	0.0	3
105	0.0	-1.0	3
105	1.0	0.0	3
105	1.0	0.0	2
105	0.0	-1.0	2
105	0.0	-1.0	2
105	0.0	-1.0	2
105	1.0	0.0	1
105	0.0	-1.0	1
105	0.0	-1.0	1
105	0.0	-1.0	2
105	1.0	0.0	2
105	1.0	0.0	2
105	1.0	0.0	2
105	1.0	0.0	2
105	0.0	-1.0	2
105	1.0	0.0	2
105	1.0	0.0	2
105	1.0	0.0	1
105	0.0	-1.0	1
105	0.0	-1.0	1
105	0.0	-1.0	1
105	0.0	-1.0	1
105	0.0	-1.0	2
105	0.0	-1.0	1
105	1.0	0.0	3
105	1.0	0.0	3
105	0.0	-1.0	3
105	1.0	0.0	1
105	0.0	-1.0	1
105	0.0	-1.0	1
105	0.0	-1.0	1
105	1.0	0.0	1
105	1.0	0.0	2
105	1.0	0.0	2
105	0.0	-1.0	2
105	0.0	-1.0	2
105	1.0	0.0	2
122	0.0	-1.0	1
122	0.0	-1.0	3
122	0.0	-1.0	1
122	1.0	0.0	1
122	0.0	-1.0	2
122	1.0	0.0	1
122	0.0	-1.0	1
122	0.0	-1.0	3
122	0.0	-1.0	1
122	0.0	-1.0	2
122	0.0	-1.0	1
122	0.0	-1.0	3
122	0.0	-1.0	1
122	0.0	-1.0	1
122	0.0	-1.0	3
122	0.0	-1.0	1
122	0.0	-1.0	2
122	0.0	-1.0	1
122	0.0	-1.0	1
122	0.0	-1.0	2
122	1.0	0.0	3
122	1.0	0.0	1
122	1.0	0.0	1
122	0.0	-1.0	2
122	0.0	-1.0	1
122	1.0	0.0	3
122	1.0	0.0	2
122	1.0	0.0	1
122	0.0	-1.0	2
122	0.0	-1.0	3
122	0.0	-1.0	1
122	0.0	-1.0	2
122	1.0	0.0	1
122	0.0	-1.0	2
122	0.0	-1.0	1
122	0.0	-1.0	1
122	0.0	-1.0	2
122	1.0	0.0	3
122	0.0	-1.0	1
122	0.0	-1.0	1
122	0.0	-1.0	1
122	1.0	0.0	3
122	0.0	-1.0	1
122	0.0	-1.0	2
134	0.0	-1.0	1
134	0.0	-1.0	1
134	0.0	-1.0	2
134	1.0	0.0	3
134	0.0	-1.0	1
134	0.0	-1.0	3
134	1.0	0.0	2
134	0.0	-1.0	1
134	0.0	-1.0	1
134	1.0	0.0	3
134	0.0	-1.0	3
134	0.0	-1.0	2
134	0.0	-1.0	1
134	1.0	0.0	2
134	0.0	-1.0	1
134	0.0	-1.0	2
134	0.0	-1.0	3
134	0.0	-1.0	1
134	1.0	0.0	2
134	1.0	0.0	2
134	0.0	-1.0	1
134	0.0	-1.0	3
134	0.0	-1.0	2
134	0.0	-1.0	1
134	0.0	-1.0	2
134	0.0	-1.0	3
134	1.0	0.0	3
134	1.0	0.0	1
134	0.0	-1.0	2
134	0.0	-1.0	2
134	1.0	0.0	1
134	1.0	0.0	3
134	0.0	-1.0	1
134	0.0	-1.0	3
134	0.0	-1.0	2
134	0.0	-1.0	1
134	0.0	-1.0	3
134	1.0	0.0	2
134	0.0	-1.0	1
134	0.0	-1.0	2
