subjID	gain	loss	choice
137	0.0	-1.0	3
137	0.0	-1.0	3
137	0.0	-1.0	1
137	1.0	0.0	1
137	1.0	0.0	1
137	0.0	-1.0	3
137	0.0	-1.0	3
137	1.0	0.0	1
137	1.0	0.0	1
137	1.0	0.0	1
137	1.0	0.0	2
137	1.0	0.0	2
137	0.0	-1.0	2
137	0.0	-1.0	1
137	0.0	-1.0	3
137	0.0	-1.0	3
137	1.0	0.0	2
137	1.0	0.0	2
137	1.0	0.0	2
137	1.0	0.0	2
137	0.0	-1.0	1
137	0.0	-1.0	2
137	1.0	0.0	3
137	0.0	-1.0	3
137	0.0	-1.0	1
137	1.0	0.0	2
137	1.0	0.0	2
137	0.0	-1.0	2
137	1.0	0.0	3
137	1.0	0.0	3
137	1.0	0.0	1
137	0.0	-1.0	1
137	1.0	0.0	2
137	1.0	0.0	2
137	1.0	0.0	2
137	0.0	-1.0	3
137	0.0	-1.0	2
137	1.0	0.0	1
137	0.0	-1.0	1
137	0.0	-1.0	3
137	0.0	-1.0	2
137	1.0	0.0	3
137	0.0	-1.0	3
137	1.0	0.0	3
137	1.0	0.0	3
137	1.0	0.0	3
137	0.0	-1.0	3
137	1.0	0.0	1
137	0.0	-1.0	1
137	0.0	-1.0	2
108	0.0	-1.0	2
108	0.0	-1.0	1
108	0.0	-1.0	3
108	0.0	-1.0	3
108	0.0	-1.0	3
108	0.0	-1.0	2
108	1.0	0.0	1
108	1.0	0.0	1
108	1.0	0.0	1
108	1.0	0.0	1
108	0.0	-1.0	2
108	0.0	-1.0	1
108	1.0	0.0	1
108	0.0	-1.0	1
108	0.0	-1.0	1
108	1.0	0.0	1
108	0.0	-1.0	1
108	0.0	-1.0	1
108	0.0	-1.0	1
108	0.0	-1.0	1
108	1.0	0.0	2
108	0.0	-1.0	2
108	0.0	-1.0	3
108	1.0	0.0	1
108	1.0	0.0	1
108	0.0	-1.0	2
108	0.0	-1.0	2
108	0.0	-1.0	2
108	0.0	-1.0	2
108	1.0	0.0	2
108	0.0	-1.0	1
108	1.0	0.0	2
108	1.0	0.0	2
108	1.0	0.0	2
108	0.0	-1.0	2
108	0.0	-1.0	3
108	1.0	0.0	1
108	0.0	-1.0	1
108	0.0	-1.0	1
108	0.0	-1.0	2
108	0.0	-1.0	2
108	1.0	0.0	3
108	1.0	0.0	3
108	1.0	0.0	3
108	0.0	-1.0	2
108	1.0	0.0	3
108	1.0	0.0	3
108	1.0	0.0	3
108	1.0	0.0	3
118	1.0	0.0	2
118	1.0	0.0	2
118	1.0	0.0	2
118	0.0	-1.0	2
118	1.0	0.0	2
118	1.0	0.0	2
118	1.0	0.0	2
118	0.0	-1.0	2
118	0.0	-1.0	2
118	1.0	0.0	2
118	0.0	-1.0	2
118	0.0	-1.0	2
118	1.0	0.0	2
118	0.0	-1.0	2
118	0.0	-1.0	2
118	0.0	-1.0	2
118	0.0	-1.0	2
118	0.0	-1.0	2
118	0.0	-1.0	2
118	0.0	-1.0	2
118	1.0	0.0	2
118	1.0	0.0	2
118	1.0	0.0	2
118	0.0	-1.0	2
118	1.0	0.0	2
118	1.0	0.0	2
118	0.0	-1.0	2
118	0.0	-1.0	2
118	1.0	0.0	2
118	0.0	-1.0	2
118	0.0	-1.0	2
118	0.0	-1.0	2
118	0.0	-1.0	2
118	0.0	-1.0	2
118	0.0	-1.0	2
118	0.0	-1.0	2
118	0.0	-1.0	2
118	0.0	-1.0	2
118	0.0	-1.0	2
118	0.0	-1.0	2
118	1.0	0.0	2
118	1.0	0.0	2
118	1.0	0.0	2
118	1.0	0.0	2
118	1.0	0.0	2
118	0.0	-1.0	2
118	1.0	0.0	2
118	1.0	0.0	2
118	1.0	0.0	2
118	1.0	0.0	2
120	0.0	-1.0	3
120	0.0	-1.0	1
120	0.0	-1.0	2
120	0.0	-1.0	2
120	0.0	-1.0	2
120	0.0	-1.0	2
120	0.0	-1.0	2
120	0.0	-1.0	2
120	0.0	-1.0	2
120	0.0	-1.0	2
120	0.0	-1.0	1
120	0.0	-1.0	3
120	1.0	0.0	2
120	1.0	0.0	2
120	1.0	0.0	2
120	1.0	0.0	2
120	0.0	-1.0	2
120	0.0	-1.0	3
120	0.0	-1.0	2
120	0.0	-1.0	1
120	1.0	0.0	3
120	0.0	-1.0	3
120	1.0	0.0	3
120	0.0	-1.0	2
120	1.0	0.0	3
120	0.0	-1.0	2
120	1.0	0.0	3
120	0.0	-1.0	1
120	0.0	-1.0	2
120	1.0	0.0	3
120	1.0	0.0	2
120	0.0	-1.0	1
120	0.0	-1.0	3
120	0.0	-1.0	3
120	1.0	0.0	2
120	0.0	-1.0	3
120	1.0	0.0	2
120	1.0	0.0	2
120	0.0	-1.0	2
120	0.0	-1.0	3
120	0.0	-1.0	1
120	0.0	-1.0	2
120	0.0	-1.0	3
120	0.0	-1.0	2
120	0.0	-1.0	2
120	0.0	-1.0	3
120	1.0	0.0	1
120	0.0	-1.0	2
120	1.0	0.0	1
104	0.0	-1.0	3
104	1.0	0.0	1
104	1.0	0.0	1
104	1.0	0.0	1
104	1.0	0.0	1
104	1.0	0.0	1
104	1.0	0.0	1
104	1.0	0.0	1
104	1.0	0.0	1
104	0.0	-1.0	1
104	0.0	-1.0	1
104	1.0	0.0	2
104	0.0	-1.0	2
104	0.0	-1.0	3
104	0.0	-1.0	1
104	0.0	-1.0	1
104	0.0	-1.0	1
104	1.0	0.0	2
104	1.0	0.0	2
104	0.0	-1.0	2
104	1.0	0.0	2
104	0.0	-1.0	2
104	1.0	0.0	1
104	1.0	0.0	1
104	1.0	0.0	1
104	1.0	0.0	1
104	0.0	-1.0	1
104	0.0	-1.0	3
104	0.0	-1.0	3
104	0.0	-1.0	2
104	0.0	-1.0	2
104	0.0	-1.0	2
104	1.0	0.0	2
104	0.0	-1.0	2
104	0.0	-1.0	2
104	0.0	-1.0	2
104	0.0	-1.0	2
104	0.0	-1.0	2
104	0.0	-1.0	2
104	1.0	0.0	2
104	0.0	-1.0	2
104	1.0	0.0	2
104	0.0	-1.0	2
104	1.0	0.0	2
104	1.0	0.0	2
104	1.0	0.0	2
104	1.0	0.0	2
104	0.0	-1.0	2
104	1.0	0.0	2
114	1.0	0.0	2
114	0.0	-1.0	2
114	1.0	0.0	2
114	1.0	0.0	2
114	1.0	0.0	2
114	1.0	0.0	2
114	1.0	0.0	2
114	1.0	0.0	2
114	0.0	-1.0	2
114	1.0	0.0	2
114	0.0	-1.0	2
114	0.0	-1.0	2
114	1.0	0.0	2
114	0.0	-1.0	2
114	1.0	0.0	2
114	0.0	-1.0	2
114	0.0	-1.0	2
114	0.0	-1.0	2
114	0.0	-1.0	2
114	0.0	-1.0	2
114	0.0	-1.0	2
114	0.0	-1.0	2
114	0.0	-1.0	2
114	0.0	-1.0	2
114	0.0	-1.0	2
114	0.0	-1.0	2
114	0.0	-1.0	2
114	0.0	-1.0	1
114	0.0	-1.0	1
114	0.0	-1.0	1
114	0.0	-1.0	3
114	1.0	0.0	3
114	0.0	-1.0	3
114	0.0	-1.0	3
114	0.0	-1.0	3
114	0.0	-1.0	2
114	0.0	-1.0	2
114	1.0	0.0	1
114	1.0	0.0	1
114	1.0	0.0	1
114	0.0	-1.0	1
114	0.0	-1.0	1
114	0.0	-1.0	1
114	0.0	-1.0	3
114	0.0	-1.0	3
114	0.0	-1.0	3
114	0.0	-1.0	3
114	0.0	-1.0	3
114	1.0	0.0	2
114	1.0	0.0	2
112	0.0	-1.0	3
112	0.0	-1.0	3
112	0.0	-1.0	3
112	0.0	-1.0	3
112	0.0	-1.0	3
112	0.0	-1.0	3
112	0.0	-1.0	1
112	0.0	-1.0	1
112	0.0	-1.0	1
112	1.0	0.0	1
112	1.0	0.0	3
112	1.0	0.0	3
112	0.0	-1.0	3
112	1.0	0.0	3
112	1.0	0.0	3
112	0.0	-1.0	3
112	1.0	0.0	3
112	1.0	0.0	3
112	1.0	0.0	3
112	1.0	0.0	3
112	1.0	0.0	3
112	0.0	-1.0	3
112	0.0	-1.0	3
112	0.0	-1.0	3
112	0.0	-1.0	3
112	0.0	-1.0	1
112	0.0	-1.0	1
112	0.0	-1.0	1
112	0.0	-1.0	1
112	0.0	-1.0	1
112	1.0	0.0	3
112	0.0	-1.0	3
112	1.0	0.0	3
112	1.0	0.0	3
112	1.0	0.0	3
112	1.0	0.0	3
112	1.0	0.0	3
112	1.0	0.0	3
112	0.0	-1.0	3
112	0.0	-1.0	3
112	0.0	-1.0	3
112	0.0	-1.0	3
112	0.0	-1.0	1
112	0.0	-1.0	1
112	0.0	-1.0	1
112	0.0	-1.0	1
112	1.0	0.0	1
112	0.0	-1.0	1
112	0.0	-1.0	1
130	0.0	-1.0	2
130	0.0	-1.0	1
130	0.0	-1.0	1
130	0.0	-1.0	1
130	0.0	-1.0	1
130	1.0	0.0	1
130	0.0	-1.0	2
130	0.0	-1.0	2
130	0.0	-1.0	2
130	0.0	-1.0	2
130	0.0	-1.0	2
130	0.0	-1.0	3
130	0.0	-1.0	3
130	0.0	-1.0	3
130	0.0	-1.0	3
130	0.0	-1.0	3
130	0.0	-1.0	1
130	0.0	-1.0	1
130	0.0	-1.0	1
130	0.0	-1.0	1
130	0.0	-1.0	1
130	1.0	0.0	2
130	1.0	0.0	2
130	0.0	-1.0	3
130	0.0	-1.0	3
130	0.0	-1.0	3
130	1.0	0.0	1
130	0.0	-1.0	1
130	1.0	0.0	1
130	0.0	-1.0	1
130	1.0	0.0	1
130	0.0	-1.0	2
130	0.0	-1.0	2
130	0.0	-1.0	2
130	0.0	-1.0	2
130	1.0	0.0	2
130	1.0	0.0	2
130	1.0	0.0	2
130	1.0	0.0	2
130	1.0	0.0	2
130	1.0	0.0	2
130	0.0	-1.0	2
130	0.0	-1.0	1
101	0.0	-1.0	3
101	1.0	0.0	1
101	0.0	-1.0	2
101	0.0	-1.0	3
101	0.0	-1.0	2
101	1.0	0.0	1
101	0.0	-1.0	3
101	1.0	0.0	2
101	1.0	0.0	1
101	1.0	0.0	2
101	0.0	-1.0	1
101	0.0	-1.0	3
101	0.0	-1.0	1
101	0.0	-1.0	2
101	0.0	-1.0	3
101	0.0	-1.0	1
101	0.0	-1.0	3
101	0.0	-1.0	3
101	0.0	-1.0	1
101	1.0	0.0	2
101	1.0	0.0	1
101	0.0	-1.0	3
101	0.0	-1.0	2
101	0.0	-1.0	2
101	0.0	-1.0	3
101	1.0	0.0	1
101	0.0	-1.0	2
101	0.0	-1.0	3
101	1.0	0.0	2
101	0.0	-1.0	3
101	0.0	-1.0	1
101	0.0	-1.0	2
101	0.0	-1.0	1
101	1.0	0.0	2
101	1.0	0.0	1
101	0.0	-1.0	3
101	1.0	0.0	2
101	0.0	-1.0	2
101	0.0	-1.0	1
101	0.0	-1.0	3
101	0.0	-1.0	2
101	1.0	0.0	1
101	0.0	-1.0	2
101	1.0	0.0	1
101	0.0	-1.0	3
101	0.0	-1.0	2
101	1.0	0.0	1
136	1.0	0.0	1
136	1.0	0.0	1
136	0.0	-1.0	2
136	0.0	-1.0	1
136	0.0	-1.0	3
136	1.0	0.0	1
136	1.0	0.0	1
136	0.0	-1.0	3
136	1.0	0.0	2
136	1.0	0.0	2
136	0.0	-1.0	1
136	0.0	-1.0	2
136	1.0	0.0	3
136	0.0	-1.0	1
136	0.0	-1.0	2
136	0.0	-1.0	2
136	0.0	-1.0	1
136	1.0	0.0	3
136	1.0	0.0	3
136	1.0	0.0	1
136	0.0	-1.0	1
136	0.0	-1.0	1
136	0.0	-1.0	1
136	0.0	-1.0	3
136	1.0	0.0	1
136	0.0	-1.0	1
136	1.0	0.0	2
136	1.0	0.0	2
136	1.0	0.0	1
136	0.0	-1.0	2
136	0.0	-1.0	1
136	0.0	-1.0	3
136	0.0	-1.0	2
136	0.0	-1.0	2
136	1.0	0.0	1
136	0.0	-1.0	1
136	1.0	0.0	3
136	0.0	-1.0	3
136	1.0	0.0	2
136	1.0	0.0	2
136	0.0	-1.0	3
136	1.0	0.0	1
136	0.0	-1.0	1
136	1.0	0.0	2
136	0.0	-1.0	1
136	0.0	-1.0	1
136	0.0	-1.0	3
136	1.0	0.0	2
125	0.0	-1.0	2
125	0.0	-1.0	2
125	1.0	0.0	1
125	1.0	0.0	1
125	0.0	-1.0	1
125	1.0	0.0	1
125	1.0	0.0	1
125	1.0	0.0	1
125	1.0	0.0	1
125	1.0	0.0	1
125	1.0	0.0	2
125	0.0	-1.0	2
125	1.0	0.0	2
125	1.0	0.0	2
125	1.0	0.0	2
125	0.0	-1.0	3
125	0.0	-1.0	3
125	0.0	-1.0	3
125	0.0	-1.0	3
125	0.0	-1.0	1
125	1.0	0.0	1
125	1.0	0.0	1
125	1.0	0.0	1
125	1.0	0.0	1
125	0.0	-1.0	2
125	0.0	-1.0	2
125	0.0	-1.0	2
125	0.0	-1.0	1
125	1.0	0.0	1
125	1.0	0.0	1
125	1.0	0.0	1
125	1.0	0.0	1
125	1.0	0.0	1
125	0.0	-1.0	1
125	1.0	0.0	1
125	1.0	0.0	1
125	0.0	-1.0	1
125	1.0	0.0	1
125	0.0	-1.0	3
125	0.0	-1.0	3
125	0.0	-1.0	3
125	0.0	-1.0	1
125	1.0	0.0	1
125	0.0	-1.0	1
125	0.0	-1.0	1
125	1.0	0.0	2
125	1.0	0.0	2
125	1.0	0.0	2
132	0.0	-1.0	3
132	0.0	-1.0	3
132	1.0	0.0	1
132	0.0	-1.0	3
132	1.0	0.0	1
132	0.0	-1.0	2
132	0.0	-1.0	3
132	0.0	-1.0	1
132	0.0	-1.0	2
132	0.0	-1.0	3
132	0.0	-1.0	1
132	0.0	-1.0	3
132	1.0	0.0	1
132	1.0	0.0	2
132	0.0	-1.0	1
132	1.0	0.0	3
132	0.0	-1.0	1
132	0.0	-1.0	2
132	1.0	0.0	3
132	0.0	-1.0	3
132	1.0	0.0	3
132	1.0	0.0	3
132	0.0	-1.0	3
132	1.0	0.0	1
132	1.0	0.0	2
132	0.0	-1.0	2
132	0.0	-1.0	3
132	1.0	0.0	1
132	0.0	-1.0	2
132	0.0	-1.0	3
132	1.0	0.0	3
132	0.0	-1.0	1
132	0.0	-1.0	2
132	1.0	0.0	3
132	1.0	0.0	1
132	1.0	0.0	3
132	0.0	-1.0	1
132	1.0	0.0	3
132	1.0	0.0	1
132	0.0	-1.0	1
103	0.0	-1.0	3
103	0.0	-1.0	3
103	1.0	0.0	2
103	1.0	0.0	2
103	1.0	0.0	2
103	1.0	0.0	2
103	1.0	0.0	2
103	0.0	-1.0	2
103	0.0	-1.0	2
103	0.0	-1.0	2
103	0.0	-1.0	3
103	0.0	-1.0	3
103	1.0	0.0	1
103	1.0	0.0	1
103	0.0	-1.0	3
103	0.0	-1.0	1
103	0.0	-1.0	1
103	0.0	-1.0	2
103	1.0	0.0	3
103	1.0	0.0	3
103	1.0	0.0	3
103	1.0	0.0	3
103	1.0	0.0	3
103	0.0	-1.0	3
103	1.0	0.0	1
103	1.0	0.0	1
103	0.0	-1.0	1
103	0.0	-1.0	1
103	1.0	0.0	2
103	0.0	-1.0	2
103	0.0	-1.0	3
103	0.0	-1.0	2
103	0.0	-1.0	3
103	0.0	-1.0	3
103	0.0	-1.0	3
103	0.0	-1.0	3
103	0.0	-1.0	3
103	0.0	-1.0	1
103	0.0	-1.0	1
103	0.0	-1.0	2
103	1.0	0.0	2
103	1.0	0.0	2
128	1.0	0.0	3
128	0.0	-1.0	3
128	0.0	-1.0	3
128	1.0	0.0	1
128	0.0	-1.0	1
128	0.0	-1.0	2
128	0.0	-1.0	1
128	0.0	-1.0	3
128	1.0	0.0	2
128	1.0	0.0	2
128	1.0	0.0	2
128	0.0	-1.0	2
128	0.0	-1.0	1
128	0.0	-1.0	3
128	0.0	-1.0	1
128	1.0	0.0	3
128	1.0	0.0	3
128	1.0	0.0	3
128	0.0	-1.0	2
128	1.0	0.0	3
128	1.0	0.0	3
128	1.0	0.0	3
128	0.0	-1.0	1
128	1.0	0.0	1
128	0.0	-1.0	1
128	0.0	-1.0	1
128	1.0	0.0	2
128	1.0	0.0	2
128	1.0	0.0	2
128	0.0	-1.0	2
128	1.0	0.0	2
128	0.0	-1.0	1
128	0.0	-1.0	3
128	0.0	-1.0	3
128	0.0	-1.0	2
128	1.0	0.0	1
128	1.0	0.0	1
128	1.0	0.0	1
128	1.0	0.0	1
128	1.0	0.0	1
102	1.0	0.0	1
102	0.0	-1.0	1
102	0.0	-1.0	2
102	0.0	-1.0	3
102	1.0	0.0	1
102	0.0	-1.0	2
102	1.0	0.0	1
102	0.0	-1.0	1
102	1.0	0.0	2
102	0.0	-1.0	3
102	1.0	0.0	2
102	1.0	0.0	2
102	0.0	-1.0	2
102	1.0	0.0	2
102	1.0	0.0	2
102	0.0	-1.0	2
102	0.0	-1.0	3
102	1.0	0.0	1
102	1.0	0.0	1
102	1.0	0.0	1
102	1.0	0.0	1
102	0.0	-1.0	1
102	1.0	0.0	1
102	1.0	0.0	1
102	0.0	-1.0	1
102	0.0	-1.0	1
102	1.0	0.0	2
102	1.0	0.0	2
102	1.0	0.0	2
102	1.0	0.0	2
102	1.0	0.0	2
102	0.0	-1.0	2
102	0.0	-1.0	3
102	1.0	0.0	1
102	1.0	0.0	1
102	1.0	0.0	1
102	1.0	0.0	1
102	1.0	0.0	1
102	1.0	0.0	1
123	0.0	-1.0	1
123	0.0	-1.0	1
123	0.0	-1.0	1
123	0.0	-1.0	1
123	0.0	-1.0	1
123	1.0	0.0	2
123	1.0	0.0	2
123	1.0	0.0	2
123	1.0	0.0	2
123	1.0	0.0	2
123	1.0	0.0	3
123	0.0	-1.0	3
123	1.0	0.0	3
123	1.0	0.0	3
123	1.0	0.0	3
123	0.0	-1.0	1
123	0.0	-1.0	1
123	1.0	0.0	1
123	0.0	-1.0	1
123	1.0	0.0	1
123	0.0	-1.0	2
123	1.0	0.0	2
123	0.0	-1.0	2
123	1.0	0.0	1
123	1.0	0.0	1
123	1.0	0.0	1
123	1.0	0.0	1
123	1.0	0.0	1
123	1.0	0.0	1
123	0.0	-1.0	1
123	1.0	0.0	1
123	1.0	0.0	1
123	0.0	-1.0	1
123	0.0	-1.0	1
123	0.0	-1.0	1
123	0.0	-1.0	1
123	0.0	-1.0	1
123	1.0	0.0	1
123	1.0	0.0	1
123	0.0	-1.0	1
123	0.0	-1.0	2
123	0.0	-1.0	2
123	0.0	-1.0	2
123	0.0	-1.0	2
123	0.0	-1.0	2
123	0.0	-1.0	3
123	1.0	0.0	3
123	1.0	0.0	3
123	1.0	0.0	3
123	0.0	-1.0	3
110	0.0	-1.0	2
110	1.0	0.0	1
110	0.0	-1.0	3
110	1.0	0.0	3
110	1.0	0.0	3
110	0.0	-1.0	2
110	0.0	-1.0	2
110	0.0	-1.0	2
110	0.0	-1.0	2
110	0.0	-1.0	2
110	0.0	-1.0	2
110	1.0	0.0	2
110	1.0	0.0	1
110	0.0	-1.0	2
110	0.0	-1.0	2
110	0.0	-1.0	2
110	0.0	-1.0	2
110	1.0	0.0	1
110	1.0	0.0	1
110	0.0	-1.0	2
110	0.0	-1.0	2
110	0.0	-1.0	2
110	1.0	0.0	2
110	0.0	-1.0	1
110	0.0	-1.0	2
110	0.0	-1.0	2
110	0.0	-1.0	2
110	0.0	-1.0	2
110	0.0	-1.0	2
110	1.0	0.0	1
110	1.0	0.0	1
110	1.0	0.0	1
110	0.0	-1.0	2
110	0.0	-1.0	2
110	1.0	0.0	1
110	1.0	0.0	1
110	1.0	0.0	1
110	1.0	0.0	1
110	1.0	0.0	1
110	0.0	-1.0	1
110	0.0	-1.0	1
110	0.0	-1.0	1
110	1.0	0.0	2
110	1.0	0.0	2
110	1.0	0.0	2
110	1.0	0.0	2
110	0.0	-1.0	2
110	0.0	-1.0	2
110	1.0	0.0	2
113	0.0	-1.0	1
113	0.0	-1.0	3
113	0.0	-1.0	3
113	0.0	-1.0	3
113	0.0	-1.0	3
113	1.0	0.0	2
113	1.0	0.0	2
113	0.0	-1.0	3
113	1.0	0.0	2
113	1.0	0.0	2
113	0.0	-1.0	2
113	1.0	0.0	3
113	0.0	-1.0	1
113	1.0	0.0	3
113	1.0	0.0	3
113	0.0	-1.0	3
113	0.0	-1.0	1
113	0.0	-1.0	2
113	0.0	-1.0	3
113	0.0	-1.0	1
113	1.0	0.0	2
113	0.0	-1.0	3
113	1.0	0.0	1
113	0.0	-1.0	3
113	1.0	0.0	1
113	0.0	-1.0	1
113	0.0	-1.0	1
113	0.0	-1.0	1
113	1.0	0.0	3
113	1.0	0.0	3
113	1.0	0.0	3
113	1.0	0.0	3
113	0.0	-1.0	2
113	0.0	-1.0	2
113	0.0	-1.0	2
113	0.0	-1.0	2
113	0.0	-1.0	3
113	1.0	0.0	2
113	0.0	-1.0	1
113	1.0	0.0	2
113	0.0	-1.0	2
113	0.0	-1.0	3
113	0.0	-1.0	1
113	1.0	0.0	2
113	1.0	0.0	2
107	0.0	-1.0	2
107	1.0	0.0	2
107	0.0	-1.0	2
107	0.0	-1.0	2
107	0.0	-1.0	2
107	1.0	0.0	1
107	1.0	0.0	1
107	1.0	0.0	1
107	1.0	0.0	1
107	1.0	0.0	1
107	0.0	-1.0	1
107	0.0	-1.0	2
107	0.0	-1.0	2
107	0.0	-1.0	2
107	0.0	-1.0	2
107	1.0	0.0	3
107	1.0	0.0	3
107	0.0	-1.0	3
107	1.0	0.0	3
107	1.0	0.0	3
107	1.0	0.0	1
107	0.0	-1.0	1
107	0.0	-1.0	1
107	1.0	0.0	1
107	0.0	-1.0	3
107	0.0	-1.0	3
107	0.0	-1.0	3
107	0.0	-1.0	3
107	1.0	0.0	3
107	0.0	-1.0	1
107	0.0	-1.0	1
107	0.0	-1.0	1
107	0.0	-1.0	1
107	0.0	-1.0	1
107	0.0	-1.0	2
107	0.0	-1.0	2
107	0.0	-1.0	2
107	0.0	-1.0	2
107	0.0	-1.0	2
107	1.0	0.0	2
107	1.0	0.0	2
107	1.0	0.0	2
107	1.0	0.0	2
107	1.0	0.0	2
107	1.0	0.0	2
107	1.0	0.0	2
107	1.0	0.0	2
107	1.0	0.0	2
107	1.0	0.0	2
109	0.0	-1.0	2
109	0.0	-1.0	3
109	1.0	0.0	1
109	0.0	-1.0	2
109	0.0	-1.0	2
109	0.0	-1.0	2
109	0.0	-1.0	3
109	0.0	-1.0	1
109	0.0	-1.0	2
109	0.0	-1.0	3
109	0.0	-1.0	2
109	1.0	0.0	3
109	0.0	-1.0	2
109	1.0	0.0	3
109	0.0	-1.0	2
109	1.0	0.0	3
109	1.0	0.0	1
109	0.0	-1.0	1
109	0.0	-1.0	2
109	0.0	-1.0	2
109	0.0	-1.0	3
109	0.0	-1.0	1
109	0.0	-1.0	2
109	0.0	-1.0	2
109	0.0	-1.0	3
109	0.0	-1.0	1
109	1.0	0.0	1
109	0.0	-1.0	3
109	0.0	-1.0	2
109	1.0	0.0	3
109	0.0	-1.0	1
109	1.0	0.0	2
109	1.0	0.0	3
109	0.0	-1.0	2
109	1.0	0.0	3
109	0.0	-1.0	1
109	0.0	-1.0	2
109	1.0	0.0	3
109	0.0	-1.0	2
109	0.0	-1.0	3
109	1.0	0.0	1
109	0.0	-1.0	2
109	0.0	-1.0	2
109	1.0	0.0	2
109	0.0	-1.0	3
109	1.0	0.0	2
109	0.0	-1.0	3
127	0.0	-1.0	3
127	0.0	-1.0	3
127	0.0	-1.0	3
127	0.0	-1.0	3
127	1.0	0.0	1
127	1.0	0.0	1
127	1.0	0.0	1
127	0.0	-1.0	1
127	0.0	-1.0	1
127	1.0	0.0	1
127	1.0	0.0	2
127	0.0	-1.0	2
127	0.0	-1.0	2
127	0.0	-1.0	2
127	0.0	-1.0	2
127	1.0	0.0	3
127	1.0	0.0	3
127	1.0	0.0	3
127	1.0	0.0	3
127	1.0	0.0	3
127	0.0	-1.0	3
127	1.0	0.0	1
127	1.0	0.0	1
127	1.0	0.0	1
127	1.0	0.0	1
127	1.0	0.0	1
127	1.0	0.0	1
127	1.0	0.0	1
127	1.0	0.0	1
127	1.0	0.0	2
127	0.0	-1.0	2
127	1.0	0.0	2
127	0.0	-1.0	2
127	1.0	0.0	2
127	0.0	-1.0	3
127	0.0	-1.0	3
127	0.0	-1.0	1
127	0.0	-1.0	1
127	0.0	-1.0	1
127	1.0	0.0	2
127	0.0	-1.0	2
127	0.0	-1.0	2
127	0.0	-1.0	2
127	0.0	-1.0	2
127	1.0	0.0	3
127	1.0	0.0	3
127	0.0	-1.0	3
127	1.0	0.0	3
111	0.0	-1.0	1
111	1.0	0.0	1
111	0.0	-1.0	1
111	0.0	-1.0	1
111	0.0	-1.0	1
111	0.0	-1.0	1
111	0.0	-1.0	1
111	0.0	-1.0	1
111	0.0	-1.0	1
111	0.0	-1.0	1
111	0.0	-1.0	2
111	1.0	0.0	2
111	0.0	-1.0	2
111	0.0	-1.0	2
111	0.0	-1.0	2
111	1.0	0.0	3
111	1.0	0.0	3
111	1.0	0.0	3
111	1.0	0.0	3
111	1.0	0.0	3
111	0.0	-1.0	3
111	0.0	-1.0	3
111	0.0	-1.0	3
111	0.0	-1.0	3
111	0.0	-1.0	3
111	0.0	-1.0	1
111	0.0	-1.0	1
111	0.0	-1.0	1
111	1.0	0.0	2
111	0.0	-1.0	2
111	0.0	-1.0	2
111	0.0	-1.0	2
111	0.0	-1.0	2
111	0.0	-1.0	2
111	1.0	0.0	2
111	0.0	-1.0	2
111	0.0	-1.0	2
111	0.0	-1.0	2
111	1.0	0.0	2
111	0.0	-1.0	2
111	0.0	-1.0	2
111	0.0	-1.0	2
111	0.0	-1.0	2
111	0.0	-1.0	1
111	1.0	0.0	3
111	1.0	0.0	3
111	0.0	-1.0	3
119	0.0	-1.0	2
119	1.0	0.0	3
119	0.0	-1.0	3
119	1.0	0.0	1
119	0.0	-1.0	1
119	0.0	-1.0	2
119	0.0	-1.0	2
119	0.0	-1.0	2
119	1.0	0.0	3
119	0.0	-1.0	3
119	0.0	-1.0	1
119	0.0	-1.0	1
119	1.0	0.0	2
119	1.0	0.0	2
119	1.0	0.0	2
119	1.0	0.0	2
119	1.0	0.0	2
119	1.0	0.0	2
119	0.0	-1.0	2
119	0.0	-1.0	2
119	0.0	-1.0	3
119	1.0	0.0	1
119	0.0	-1.0	1
119	0.0	-1.0	3
119	0.0	-1.0	3
119	0.0	-1.0	2
119	1.0	0.0	1
119	0.0	-1.0	1
119	0.0	-1.0	2
119	0.0	-1.0	2
119	0.0	-1.0	2
119	0.0	-1.0	2
119	0.0	-1.0	2
119	0.0	-1.0	2
119	1.0	0.0	3
119	0.0	-1.0	3
119	0.0	-1.0	3
119	0.0	-1.0	1
119	0.0	-1.0	1
119	0.0	-1.0	1
119	1.0	0.0	2
119	1.0	0.0	2
119	1.0	0.0	2
116	0.0	-1.0	3
116	0.0	-1.0	2
116	1.0	0.0	1
116	1.0	0.0	1
116	1.0	0.0	1
116	1.0	0.0	1
116	1.0	0.0	1
116	1.0	0.0	1
116	0.0	-1.0	1
116	1.0	0.0	2
116	1.0	0.0	2
116	1.0	0.0	2
116	1.0	0.0	2
116	1.0	0.0	2
116	0.0	-1.0	2
116	1.0	0.0	1
116	0.0	-1.0	1
116	0.0	-1.0	2
116	0.0	-1.0	3
116	0.0	-1.0	1
116	0.0	-1.0	2
116	0.0	-1.0	2
116	0.0	-1.0	1
116	0.0	-1.0	1
116	1.0	0.0	3
116	1.0	0.0	3
116	1.0	0.0	3
116	1.0	0.0	3
116	0.0	-1.0	3
116	0.0	-1.0	2
116	0.0	-1.0	2
116	1.0	0.0	1
116	0.0	-1.0	1
116	0.0	-1.0	3
116	0.0	-1.0	1
116	0.0	-1.0	3
116	1.0	0.0	2
116	1.0	0.0	2
116	0.0	-1.0	2
116	1.0	0.0	1
116	0.0	-1.0	1
116	0.0	-1.0	3
116	1.0	0.0	2
116	1.0	0.0	2
116	1.0	0.0	2
116	1.0	0.0	2
116	0.0	-1.0	2
116	0.0	-1.0	1
116	0.0	-1.0	3
116	0.0	-1.0	2
126	0.0	-1.0	2
126	0.0	-1.0	2
126	0.0	-1.0	1
126	0.0	-1.0	1
126	0.0	-1.0	1
126	0.0	-1.0	2
126	0.0	-1.0	2
126	0.0	-1.0	1
126	0.0	-1.0	1
126	1.0	0.0	3
126	0.0	-1.0	3
126	0.0	-1.0	3
126	0.0	-1.0	3
126	0.0	-1.0	1
126	1.0	0.0	1
126	1.0	0.0	1
126	1.0	0.0	1
126	0.0	-1.0	1
126	1.0	0.0	1
126	1.0	0.0	1
126	0.0	-1.0	1
126	1.0	0.0	1
126	0.0	-1.0	1
126	0.0	-1.0	1
126	0.0	-1.0	2
126	1.0	0.0	2
126	0.0	-1.0	2
126	1.0	0.0	2
126	1.0	0.0	2
126	0.0	-1.0	2
126	0.0	-1.0	2
126	0.0	-1.0	2
126	0.0	-1.0	2
126	0.0	-1.0	2
126	1.0	0.0	3
126	1.0	0.0	3
126	1.0	0.0	3
126	1.0	0.0	3
126	1.0	0.0	3
126	0.0	-1.0	1
126	0.0	-1.0	1
126	0.0	-1.0	1
126	1.0	0.0	1
126	0.0	-1.0	1
126	1.0	0.0	2
126	1.0	0.0	2
126	1.0	0.0	2
126	1.0	0.0	2
126	1.0	0.0	2
131	0.0	-1.0	1
131	0.0	-1.0	2
131	0.0	-1.0	3
131	0.0	-1.0	1
131	1.0	0.0	2
131	0.0	-1.0	3
131	1.0	0.0	1
131	0.0	-1.0	2
131	1.0	0.0	3
131	1.0	0.0	1
131	0.0	-1.0	3
131	0.0	-1.0	1
131	1.0	0.0	2
131	0.0	-1.0	2
131	0.0	-1.0	1
131	1.0	0.0	2
131	0.0	-1.0	3
131	0.0	-1.0	2
131	0.0	-1.0	1
131	1.0	0.0	3
131	1.0	0.0	3
131	1.0	0.0	3
131	1.0	0.0	3
131	1.0	0.0	3
131	1.0	0.0	3
131	1.0	0.0	3
131	0.0	-1.0	3
131	0.0	-1.0	2
131	0.0	-1.0	3
131	1.0	0.0	1
131	1.0	0.0	1
131	1.0	0.0	1
131	0.0	-1.0	2
131	1.0	0.0	1
131	1.0	0.0	1
131	1.0	0.0	1
131	0.0	-1.0	3
131	0.0	-1.0	1
131	0.0	-1.0	2
131	0.0	-1.0	1
131	0.0	-1.0	2
131	0.0	-1.0	1
131	1.0	0.0	3
131	1.0	0.0	3
131	0.0	-1.0	3
115	0.0	-1.0	3
115	1.0	0.0	1
115	0.0	-1.0	2
115	1.0	0.0	1
115	0.0	-1.0	1
115	1.0	0.0	1
115	1.0	0.0	1
115	1.0	0.0	1
115	1.0	0.0	3
115	0.0	-1.0	3
115	0.0	-1.0	3
115	1.0	0.0	3
115	0.0	-1.0	1
115	0.0	-1.0	2
115	1.0	0.0	3
115	1.0	0.0	3
115	1.0	0.0	3
115	1.0	0.0	1
115	1.0	0.0	1
115	1.0	0.0	1
115	1.0	0.0	1
115	1.0	0.0	1
115	0.0	-1.0	3
115	1.0	0.0	1
115	1.0	0.0	1
115	1.0	0.0	1
115	1.0	0.0	1
115	0.0	-1.0	2
115	0.0	-1.0	1
115	1.0	0.0	3
115	0.0	-1.0	3
115	0.0	-1.0	1
115	0.0	-1.0	1
115	1.0	0.0	3
115	1.0	0.0	3
115	1.0	0.0	3
115	1.0	0.0	3
115	0.0	-1.0	1
115	0.0	-1.0	3
115	0.0	-1.0	1
115	0.0	-1.0	3
115	0.0	-1.0	1
115	0.0	-1.0	3
115	0.0	-1.0	1
115	1.0	0.0	2
115	1.0	0.0	2
115	1.0	0.0	2
124	0.0	-1.0	2
124	0.0	-1.0	1
124	0.0	-1.0	1
124	0.0	-1.0	1
124	1.0	0.0	3
124	1.0	0.0	3
124	1.0	0.0	3
124	0.0	-1.0	3
124	1.0	0.0	3
124	0.0	-1.0	3
124	0.0	-1.0	2
124	1.0	0.0	2
124	0.0	-1.0	2
124	1.0	0.0	2
124	1.0	0.0	2
124	0.0	-1.0	1
124	1.0	0.0	1
124	0.0	-1.0	1
124	1.0	0.0	1
124	0.0	-1.0	1
124	0.0	-1.0	2
124	0.0	-1.0	2
124	0.0	-1.0	2
124	0.0	-1.0	2
124	0.0	-1.0	2
124	0.0	-1.0	1
124	1.0	0.0	3
124	1.0	0.0	3
124	0.0	-1.0	3
124	1.0	0.0	3
124	0.0	-1.0	1
124	1.0	0.0	1
124	0.0	-1.0	1
124	0.0	-1.0	1
124	0.0	-1.0	2
124	1.0	0.0	2
124	1.0	0.0	2
124	1.0	0.0	2
124	1.0	0.0	2
124	0.0	-1.0	3
124	0.0	-1.0	3
124	0.0	-1.0	3
124	0.0	-1.0	3
124	1.0	0.0	1
124	1.0	0.0	1
124	0.0	-1.0	1
124	1.0	0.0	1
124	0.0	-1.0	1
124	1.0	0.0	1
135	0.0	-1.0	2
135	0.0	-1.0	1
135	1.0	0.0	3
135	1.0	0.0	3
135	0.0	-1.0	2
135	0.0	-1.0	1
135	1.0	0.0	3
135	1.0	0.0	3
135	0.0	-1.0	2
135	0.0	-1.0	3
135	1.0	0.0	1
135	1.0	0.0	1
135	0.0	-1.0	2
135	0.0	-1.0	3
135	0.0	-1.0	2
135	0.0	-1.0	1
135	0.0	-1.0	3
135	0.0	-1.0	2
135	0.0	-1.0	2
135	0.0	-1.0	2
135	0.0	-1.0	2
135	0.0	-1.0	2
135	0.0	-1.0	2
135	0.0	-1.0	1
135	0.0	-1.0	1
135	0.0	-1.0	1
135	0.0	-1.0	1
135	0.0	-1.0	1
135	1.0	0.0	2
135	1.0	0.0	2
135	1.0	0.0	1
135	0.0	-1.0	1
135	0.0	-1.0	3
135	1.0	0.0	2
135	0.0	-1.0	1
135	1.0	0.0	2
135	0.0	-1.0	3
135	0.0	-1.0	2
135	0.0	-1.0	1
135	1.0	0.0	3
135	1.0	0.0	3
135	0.0	-1.0	2
135	0.0	-1.0	1
135	0.0	-1.0	2
135	1.0	0.0	3
135	1.0	0.0	3
135	1.0	0.0	1
121	1.0	0.0	2
121	1.0	0.0	2
121	0.0	-1.0	3
121	0.0	-1.0	1
121	0.0	-1.0	1
121	1.0	0.0	2
121	1.0	0.0	2
121	1.0	0.0	2
121	1.0	0.0	2
121	1.0	0.0	2
121	0.0	-1.0	2
121	0.0	-1.0	3
121	1.0	0.0	1
121	1.0	0.0	1
121	0.0	-1.0	1
121	0.0	-1.0	2
121	0.0	-1.0	2
121	0.0	-1.0	3
121	0.0	-1.0	3
121	1.0	0.0	3
121	1.0	0.0	2
121	1.0	0.0	2
121	1.0	0.0	2
121	0.0	-1.0	3
121	0.0	-1.0	1
121	1.0	0.0	2
121	0.0	-1.0	2
121	0.0	-1.0	1
121	0.0	-1.0	3
121	0.0	-1.0	2
121	0.0	-1.0	3
121	1.0	0.0	2
121	0.0	-1.0	2
121	0.0	-1.0	3
121	1.0	0.0	1
121	0.0	-1.0	1
121	0.0	-1.0	2
121	0.0	-1.0	2
121	1.0	0.0	3
121	1.0	0.0	1
121	1.0	0.0	1
121	0.0	-1.0	2
121	0.0	-1.0	2
121	0.0	-1.0	2
121	1.0	0.0	3
121	0.0	-1.0	3
133	0.0	-1.0	3
133	0.0	-1.0	2
133	1.0	0.0	1
133	1.0	0.0	1
133	1.0	0.0	1
133	1.0	0.0	1
133	1.0	0.0	1
133	1.0	0.0	1
133	0.0	-1.0	2
133	0.0	-1.0	3
133	0.0	-1.0	1
133	1.0	0.0	2
133	1.0	0.0	2
133	1.0	0.0	2
133	1.0	0.0	2
133	0.0	-1.0	2
133	0.0	-1.0	3
133	0.0	-1.0	2
133	1.0	0.0	1
133	0.0	-1.0	1
133	1.0	0.0	1
133	1.0	0.0	1
133	1.0	0.0	1
133	1.0	0.0	1
133	0.0	-1.0	1
133	0.0	-1.0	2
133	0.0	-1.0	1
133	0.0	-1.0	2
133	1.0	0.0	3
133	1.0	0.0	3
133	1.0	0.0	3
133	1.0	0.0	3
133	0.0	-1.0	3
133	0.0	-1.0	2
133	0.0	-1.0	1
133	0.0	-1.0	2
133	0.0	-1.0	3
133	0.0	-1.0	3
133	1.0	0.0	2
133	1.0	0.0	2
133	1.0	0.0	2
133	1.0	0.0	2
133	1.0	0.0	2
133	1.0	0.0	2
133	1.0	0.0	2
133	1.0	0.0	2
105	0.0	-1.0	2
105	0.0	-1.0	2
105	0.0	-1.0	2
105	0.0	-1.0	2
105	0.0	-1.0	2
105	0.0	-1.0	2
105	0.0	-1.0	1
105	0.0	-1.0	1
105	0.0	-1.0	1
105	0.0	-1.0	1
105	0.0	-1.0	3
105	0.0	-1.0	3
105	0.0	-1.0	3
105	0.0	-1.0	3
105	0.0	-1.0	3
105	1.0	0.0	2
105	0.0	-1.0	2
105	1.0	0.0	2
105	1.0	0.0	2
105	1.0	0.0	2
105	0.0	-1.0	2
105	0.0	-1.0	2
105	0.0	-1.0	2
105	1.0	0.0	2
105	0.0	-1.0	2
105	0.0	-1.0	1
105	0.0	-1.0	2
105	0.0	-1.0	2
105	0.0	-1.0	2
105	0.0	-1.0	2
105	0.0	-1.0	2
105	1.0	0.0	2
105	1.0	0.0	2
105	1.0	0.0	2
105	1.0	0.0	2
105	1.0	0.0	2
105	0.0	-1.0	2
105	1.0	0.0	2
105	1.0	0.0	2
105	1.0	0.0	2
105	0.0	-1.0	2
105	0.0	-1.0	2
105	0.0	-1.0	2
105	1.0	0.0	2
105	0.0	-1.0	2
105	1.0	0.0	3
105	1.0	0.0	3
105	0.0	-1.0	3
105	0.0	-1.0	3
105	0.0	-1.0	3
122	1.0	0.0	1
122	0.0	-1.0	3
122	0.0	-1.0	2
122	0.0	-1.0	3
122	1.0	0.0	1
122	1.0	0.0	1
122	0.0	-1.0	3
122	1.0	0.0	1
122	0.0	-1.0	3
122	0.0	-1.0	2
122	0.0	-1.0	1
122	1.0	0.0	2
122	0.0	-1.0	3
122	0.0	-1.0	1
122	1.0	0.0	2
122	0.0	-1.0	1
122	0.0	-1.0	2
122	0.0	-1.0	3
122	0.0	-1.0	1
122	1.0	0.0	2
122	0.0	-1.0	1
122	0.0	-1.0	2
122	0.0	-1.0	1
122	1.0	0.0	3
122	0.0	-1.0	1
122	0.0	-1.0	1
122	1.0	0.0	2
122	0.0	-1.0	3
122	0.0	-1.0	1
122	0.0	-1.0	2
122	1.0	0.0	2
122	0.0	-1.0	3
122	0.0	-1.0	1
122	1.0	0.0	1
122	1.0	0.0	2
122	0.0	-1.0	3
122	0.0	-1.0	1
122	1.0	0.0	2
122	0.0	-1.0	1
122	0.0	-1.0	1
122	0.0	-1.0	3
122	0.0	-1.0	1
122	0.0	-1.0	2
122	0.0	-1.0	1
122	1.0	0.0	2
122	0.0	-1.0	2
122	0.0	-1.0	1
122	0.0	-1.0	1
122	0.0	-1.0	1
129	1.0	0.0	2
129	1.0	0.0	2
129	1.0	0.0	2
129	0.0	-1.0	2
129	1.0	0.0	2
129	0.0	-1.0	3
129	0.0	-1.0	1
129	1.0	0.0	2
129	1.0	0.0	2
129	1.0	0.0	2
129	0.0	-1.0	2
129	0.0	-1.0	2
129	0.0	-1.0	3
129	0.0	-1.0	3
129	0.0	-1.0	1
129	0.0	-1.0	2
129	0.0	-1.0	2
129	0.0	-1.0	2
129	0.0	-1.0	2
129	1.0	0.0	2
129	0.0	-1.0	3
129	1.0	0.0	3
129	0.0	-1.0	3
129	1.0	0.0	3
129	1.0	0.0	3
129	0.0	-1.0	2
129	0.0	-1.0	2
129	0.0	-1.0	2
129	0.0	-1.0	3
129	1.0	0.0	3
129	0.0	-1.0	3
129	0.0	-1.0	3
129	0.0	-1.0	1
129	0.0	-1.0	1
129	1.0	0.0	2
129	1.0	0.0	2
129	1.0	0.0	2
129	1.0	0.0	2
129	0.0	-1.0	2
129	0.0	-1.0	2
129	1.0	0.0	3
129	1.0	0.0	3
129	1.0	0.0	3
129	0.0	-1.0	3
129	0.0	-1.0	3
129	0.0	-1.0	1
129	0.0	-1.0	1
129	0.0	-1.0	2
129	0.0	-1.0	2
129	1.0	0.0	3
106	1.0	0.0	2
106	1.0	0.0	2
106	0.0	-1.0	2
106	1.0	0.0	2
106	1.0	0.0	2
106	0.0	-1.0	1
106	1.0	0.0	2
106	1.0	0.0	2
106	0.0	-1.0	2
106	1.0	0.0	2
106	1.0	0.0	3
106	0.0	-1.0	3
106	1.0	0.0	3
106	1.0	0.0	3
106	1.0	0.0	3
106	0.0	-1.0	1
106	1.0	0.0	2
106	0.0	-1.0	2
106	0.0	-1.0	1
106	0.0	-1.0	3
106	0.0	-1.0	1
106	0.0	-1.0	2
106	1.0	0.0	2
106	1.0	0.0	2
106	1.0	0.0	2
106	0.0	-1.0	3
106	0.0	-1.0	3
106	0.0	-1.0	3
106	0.0	-1.0	3
106	0.0	-1.0	2
106	1.0	0.0	1
106	1.0	0.0	1
106	0.0	-1.0	1
106	0.0	-1.0	1
106	1.0	0.0	3
106	1.0	0.0	3
106	1.0	0.0	3
106	1.0	0.0	3
106	1.0	0.0	3
106	0.0	-1.0	1
106	0.0	-1.0	1
106	1.0	0.0	2
106	1.0	0.0	2
106	1.0	0.0	2
106	0.0	-1.0	1
106	0.0	-1.0	3
106	1.0	0.0	2
106	1.0	0.0	2
106	1.0	0.0	2
117	0.0	-1.0	1
117	1.0	0.0	3
117	1.0	0.0	3
117	1.0	0.0	3
117	1.0	0.0	3
117	0.0	-1.0	1
117	1.0	0.0	3
117	1.0	0.0	3
117	1.0	0.0	3
117	1.0	0.0	3
117	0.0	-1.0	2
117	0.0	-1.0	3
117	1.0	0.0	1
117	1.0	0.0	1
117	1.0	0.0	1
117	1.0	0.0	1
117	1.0	0.0	1
117	1.0	0.0	1
117	1.0	0.0	1
117	0.0	-1.0	2
117	1.0	0.0	3
117	1.0	0.0	3
117	0.0	-1.0	3
117	1.0	0.0	3
117	1.0	0.0	3
117	1.0	0.0	3
117	1.0	0.0	3
117	1.0	0.0	3
117	0.0	-1.0	3
117	1.0	0.0	2
117	1.0	0.0	2
117	1.0	0.0	2
117	1.0	0.0	2
117	0.0	-1.0	3
117	1.0	0.0	2
117	1.0	0.0	2
117	1.0	0.0	2
117	1.0	0.0	2
117	1.0	0.0	2
117	0.0	-1.0	2
117	1.0	0.0	1
117	0.0	-1.0	1
117	0.0	-1.0	3
117	1.0	0.0	1
117	1.0	0.0	1
117	1.0	0.0	1
117	1.0	0.0	1
134	0.0	-1.0	1
134	1.0	0.0	2
134	1.0	0.0	2
134	1.0	0.0	3
134	0.0	-1.0	1
134	0.0	-1.0	1
134	1.0	0.0	2
134	1.0	0.0	2
134	0.0	-1.0	3
134	0.0	-1.0	1
134	1.0	0.0	1
134	0.0	-1.0	2
134	1.0	0.0	1
134	0.0	-1.0	3
134	0.0	-1.0	1
134	1.0	0.0	2
134	1.0	0.0	2
134	0.0	-1.0	3
134	1.0	0.0	1
134	0.0	-1.0	2
134	1.0	0.0	1
134	0.0	-1.0	1
134	0.0	-1.0	3
134	0.0	-1.0	2
134	1.0	0.0	2
134	0.0	-1.0	1
134	1.0	0.0	2
134	1.0	0.0	2
134	0.0	-1.0	1
134	1.0	0.0	2
134	1.0	0.0	1
134	1.0	0.0	1
134	0.0	-1.0	1
134	0.0	-1.0	3
134	0.0	-1.0	2
134	1.0	0.0	1
134	1.0	0.0	1
134	1.0	0.0	1
134	0.0	-1.0	2
134	0.0	-1.0	3
134	1.0	0.0	1
134	1.0	0.0	1
134	0.0	-1.0	1
134	0.0	-1.0	3
134	0.0	-1.0	1
134	1.0	0.0	2
134	1.0	0.0	2
134	1.0	0.0	2
134	1.0	0.0	2
